file: /home/anamaly/Lane_detection/Ultra-Fast-Lane-Detection-v2/log_path/culane_res18/20240912_065923_lr_5e-02_b_32/txt/out0_normal.txt
tp: 29035 fp: 3759 fn: 3742
precision: 0.885375
recall: 0.885835
Fmeasure: 0.885605

