file: /home/anamaly/Lane_detection/Ultra-Fast-Lane-Detection-v2/log_path/culane_res18/20240912_065923_lr_5e-02_b_32/txt/out1_crowd.txt
tp: 19548 fp: 8556 fn: 8455
precision: 0.695559
recall: 0.698068
Fmeasure: 0.696811

