file: /home/anamaly/Lane_detection/Ultra-Fast-Lane-Detection-v2/log_path/culane_res18/20240912_065923_lr_5e-02_b_32/txt/out2_hlight.txt
tp: 1016 fp: 699 fn: 669
precision: 0.59242
recall: 0.602967
Fmeasure: 0.597647

