file: /home/anamaly/Lane_detection/Ultra-Fast-Lane-Detection-v2/log_path/culane_res18/20240912_065923_lr_5e-02_b_32/txt/out3_shadow.txt
tp: 1965 fp: 978 fn: 911
precision: 0.667686
recall: 0.683241
Fmeasure: 0.675374

