file: /home/anamaly/Lane_detection/Ultra-Fast-Lane-Detection-v2/log_path/culane_res18/20240912_065923_lr_5e-02_b_32/txt/out4_noline.txt
tp: 6086 fp: 7856 fn: 7935
precision: 0.436523
recall: 0.434063
Fmeasure: 0.435289

