file: /home/anamaly/Lane_detection/Ultra-Fast-Lane-Detection-v2/log_path/culane_res18/20240912_065923_lr_5e-02_b_32/txt/out6_curve.txt
tp: 842 fp: 463 fn: 470
precision: 0.645211
recall: 0.641768
Fmeasure: 0.643485

