file: /home/anamaly/Lane_detection/Ultra-Fast-Lane-Detection-v2/log_path/culane_res18/20240912_065923_lr_5e-02_b_32/txt/out8_night.txt
tp: 14146 fp: 8935 fn: 6884
precision: 0.612885
recall: 0.672658
Fmeasure: 0.641382

