file: /home/anamaly/Lane_detection/Ultra-Fast-Lane-Detection-v2/log_path/culane_res18/20240911_121105_lr_5e-02_b_32/txt/out0_normal.txt
tp: 27780 fp: 4556 fn: 4997
precision: 0.859104
recall: 0.847546
Fmeasure: 0.853286

