file: /home/anamaly/Lane_detection/Ultra-Fast-Lane-Detection-v2/log_path/culane_res18/20240911_121105_lr_5e-02_b_32/txt/out3_shadow.txt
tp: 1866 fp: 808 fn: 1010
precision: 0.697831
recall: 0.648818
Fmeasure: 0.672432

