file: /home/anamaly/Lane_detection/Ultra-Fast-Lane-Detection-v2/log_path/culane_res18/20240911_121105_lr_5e-02_b_32/txt/out4_noline.txt
tp: 4965 fp: 6626 fn: 9056
precision: 0.42835
recall: 0.354112
Fmeasure: 0.387709

