file: /home/anamaly/Lane_detection/Ultra-Fast-Lane-Detection-v2/log_path/culane_res18/20240911_121105_lr_5e-02_b_32/txt/out5_arrow.txt
tp: 2375 fp: 610 fn: 807
precision: 0.795645
recall: 0.746386
Fmeasure: 0.770229

