file: /home/anamaly/Lane_detection/Ultra-Fast-Lane-Detection-v2/log_path/culane_res18/20240911_121105_lr_5e-02_b_32/txt/out6_curve.txt
tp: 737 fp: 472 fn: 575
precision: 0.609595
recall: 0.561738
Fmeasure: 0.584689

