file: /home/anamaly/Lane_detection/Ultra-Fast-Lane-Detection-v2/log_path/culane_res18/20240911_121105_lr_5e-02_b_32/txt/out8_night.txt
tp: 12527 fp: 6913 fn: 8503
precision: 0.644393
recall: 0.595673
Fmeasure: 0.619076

